0 0.020578420467185762 0.09852941176470588 0.021134593993325918 0.10588235294117647
0 0.021690767519466074 0.20441176470588235 0.021134593993325918 0.10294117647058823
0 0.021690767519466074 0.30808823529411766 0.021134593993325918 0.10441176470588236
0 0.022803114571746386 0.4125 0.018909899888765295 0.10147058823529412
0 0.021134593993325918 0.5139705882352941 0.020022246941045607 0.10147058823529412
0 0.02224694104560623 0.6213235294117647 0.020022246941045607 0.10735294117647058
0 0.021690767519466074 0.7286764705882353 0.021134593993325918 0.10735294117647058
0 0.020578420467185762 0.09852941176470588 0.021134593993325918 0.10588235294117647
0 0.021690767519466074 0.20441176470588235 0.021134593993325918 0.10294117647058823
0 0.021690767519466074 0.30808823529411766 0.021134593993325918 0.10441176470588236
0 0.022803114571746386 0.4125 0.018909899888765295 0.10147058823529412
0 0.021134593993325918 0.5139705882352941 0.020022246941045607 0.10147058823529412
0 0.02224694104560623 0.6213235294117647 0.020022246941045607 0.10735294117647058
0 0.021690767519466074 0.7286764705882353 0.021134593993325918 0.10735294117647058
