0 0.010336680448907265 0.38008882309400444 0.011222681630242173 0.05255366395262768
0 0.009746012994683993 0.4322723908216136 0.01004134672179563 0.04885270170244263
0 0.00915534554046072 0.4848260547742413 0.01004134672179563 0.053293856402664694
0 0.009450679267572357 0.5384900074019244 0.010632014176018901 0.0540340488527017
0 0.008860011813349083 0.5906735751295337 0.010632014176018901 0.050333086602516654
0 0.00915534554046072 0.6421169504071058 0.011222681630242173 0.05107327905255366
0 0.00915534554046072 0.6954108068097705 0.013585351447135262 0.05255366395262768
0 0.009450679267572357 0.7498149518874907 0.014176018901358535 0.053293856402664694
0 0.010336680448907265 0.38008882309400444 0.011222681630242173 0.05255366395262768
0 0.009746012994683993 0.4322723908216136 0.01004134672179563 0.04885270170244263
0 0.00915534554046072 0.4848260547742413 0.01004134672179563 0.053293856402664694
0 0.009450679267572357 0.5384900074019244 0.010632014176018901 0.0540340488527017
0 0.008860011813349083 0.5906735751295337 0.010632014176018901 0.050333086602516654
0 0.00915534554046072 0.6421169504071058 0.011222681630242173 0.05107327905255366
0 0.00915534554046072 0.6954108068097705 0.013585351447135262 0.05255366395262768
0 0.009450679267572357 0.7498149518874907 0.014176018901358535 0.053293856402664694
