0 0.08050221565731168 0.09935064935064936 0.014771048744460858 0.08961038961038961
0 0.0793943870014771 0.19285714285714287 0.014032496307237815 0.08961038961038961
0 0.08050221565731168 0.2844155844155844 0.014771048744460858 0.09090909090909091
0 0.07902511078286559 0.37662337662337664 0.013293943870014771 0.09350649350649351
0 0.07865583456425407 0.4707792207792208 0.012555391432791729 0.09220779220779221
0 0.0793943870014771 0.5636363636363636 0.014032496307237815 0.09350649350649351
0 0.07976366322008863 0.6506493506493507 0.014771048744460858 0.08831168831168831
0 0.08050221565731168 0.09935064935064936 0.014771048744460858 0.08961038961038961
0 0.0793943870014771 0.19285714285714287 0.014032496307237815 0.08961038961038961
0 0.08050221565731168 0.2844155844155844 0.014771048744460858 0.09090909090909091
0 0.07902511078286559 0.37662337662337664 0.013293943870014771 0.09350649350649351
0 0.07865583456425407 0.4707792207792208 0.012555391432791729 0.09220779220779221
0 0.0793943870014771 0.5636363636363636 0.014032496307237815 0.09350649350649351
0 0.07976366322008863 0.6506493506493507 0.014771048744460858 0.08831168831168831
