0 0.0593607305936073 0.08577586206896552 0.01278538812785388 0.061206896551724135
0 0.0589041095890411 0.14741379310344827 0.0136986301369863 0.06379310344827586
0 0.058447488584474884 0.21163793103448275 0.01278538812785388 0.06293103448275862
0 0.0589041095890411 0.27155172413793105 0.015525114155251141 0.056896551724137934
0 0.0589041095890411 0.3331896551724138 0.017351598173515982 0.06465517241379311
0 0.058447488584474884 0.3961206896551724 0.01643835616438356 0.05775862068965517
0 0.0593607305936073 0.08577586206896552 0.01278538812785388 0.061206896551724135
0 0.0589041095890411 0.14741379310344827 0.0136986301369863 0.06379310344827586
0 0.058447488584474884 0.21163793103448275 0.01278538812785388 0.06293103448275862
0 0.0589041095890411 0.27155172413793105 0.015525114155251141 0.056896551724137934
0 0.0589041095890411 0.3331896551724138 0.017351598173515982 0.06465517241379311
0 0.058447488584474884 0.3961206896551724 0.01643835616438356 0.05775862068965517
