0 0.02590221187427241 0.10438247011952191 0.00989522700814901 0.05896414342629482
0 0.02619324796274738 0.16175298804780877 0.011641443538998836 0.055776892430278883
0 0.02532013969732247 0.21752988047808766 0.011059371362048894 0.055776892430278883
0 0.02590221187427241 0.2737051792828685 0.00989522700814901 0.054980079681274906
0 0.025611175785797437 0.3310756972111554 0.009313154831199068 0.05657370517928287
0 0.02532013969732247 0.38685258964143426 0.00989522700814901 0.054980079681274906
0 0.025611175785797437 0.44262948207171315 0.010477299185098952 0.05816733067729084
0 0.025611175785797437 0.500796812749004 0.010477299185098952 0.05657370517928287
0 0.02590221187427241 0.10438247011952191 0.00989522700814901 0.05896414342629482
0 0.02619324796274738 0.16175298804780877 0.011641443538998836 0.055776892430278883
0 0.02532013969732247 0.21752988047808766 0.011059371362048894 0.055776892430278883
0 0.02590221187427241 0.2737051792828685 0.00989522700814901 0.054980079681274906
0 0.025611175785797437 0.3310756972111554 0.009313154831199068 0.05657370517928287
0 0.02532013969732247 0.38685258964143426 0.00989522700814901 0.054980079681274906
0 0.025611175785797437 0.44262948207171315 0.010477299185098952 0.05816733067729084
0 0.025611175785797437 0.500796812749004 0.010477299185098952 0.05657370517928287
