0 0.014378834355828221 0.322463768115942 0.006518404907975461 0.04677206851119895
0 0.014187116564417178 0.3695652173913044 0.007668711656441718 0.047430830039525695
0 0.013995398773006136 0.41600790513833996 0.006518404907975461 0.045454545454545456
0 0.014378834355828221 0.46310935441370227 0.006518404907975461 0.0461133069828722
0 0.013803680981595092 0.5102108036890646 0.006901840490797546 0.04677206851119895
0 0.014378834355828221 0.5569828722002635 0.006518404907975461 0.045454545454545456
0 0.014378834355828221 0.322463768115942 0.006518404907975461 0.04677206851119895
0 0.014187116564417178 0.3695652173913044 0.007668711656441718 0.047430830039525695
0 0.013995398773006136 0.41600790513833996 0.006518404907975461 0.045454545454545456
0 0.014378834355828221 0.46310935441370227 0.006518404907975461 0.0461133069828722
0 0.013803680981595092 0.5102108036890646 0.006901840490797546 0.04677206851119895
0 0.014378834355828221 0.5569828722002635 0.006518404907975461 0.045454545454545456
