0 0.04293948126801153 0.1213073538654934 0.010951008645533142 0.04274041483343809
0 0.04265129682997118 0.1671904462602137 0.011527377521613834 0.047768698931489634
0 0.04351585014409222 0.213073538654934 0.010951008645533142 0.04399748585795098
0 0.04293948126801153 0.25644248900062855 0.012103746397694525 0.041483343808925204
0 0.04207492795389049 0.30075424261470773 0.01037463976945245 0.04336895034569453
0 0.043227665706051875 0.3447517284726587 0.012680115273775217 0.044626021370207415
0 0.04293948126801153 0.1213073538654934 0.010951008645533142 0.04274041483343809
0 0.04265129682997118 0.1671904462602137 0.011527377521613834 0.047768698931489634
0 0.04351585014409222 0.213073538654934 0.010951008645533142 0.04399748585795098
0 0.04293948126801153 0.25644248900062855 0.012103746397694525 0.041483343808925204
0 0.04207492795389049 0.30075424261470773 0.01037463976945245 0.04336895034569453
0 0.043227665706051875 0.3447517284726587 0.012680115273775217 0.044626021370207415
