0 0.012195121951219511 0.27608047690014903 0.009859885832900882 0.05290611028315946
0 0.012195121951219511 0.3301043219076006 0.009859885832900882 0.05365126676602086
0 0.01193565127140633 0.3830104321907601 0.009340944473274519 0.05216095380029806
0 0.012195121951219511 0.4374068554396423 0.010897768552153606 0.05365126676602086
0 0.012454592631032692 0.48956780923994037 0.009340944473274519 0.05067064083457526
0 0.012714063310845874 0.5424739195230999 0.010897768552153606 0.05067064083457526
0 0.012195121951219511 0.27608047690014903 0.009859885832900882 0.05290611028315946
0 0.012195121951219511 0.3301043219076006 0.009859885832900882 0.05365126676602086
0 0.01193565127140633 0.3830104321907601 0.009340944473274519 0.05216095380029806
0 0.012195121951219511 0.4374068554396423 0.010897768552153606 0.05365126676602086
0 0.012454592631032692 0.48956780923994037 0.009340944473274519 0.05067064083457526
0 0.012714063310845874 0.5424739195230999 0.010897768552153606 0.05067064083457526
