0 0.03137365743357829 0.1413484971567831 0.009609949123798756 0.05848903330625507
0 0.03080836630864895 0.19943135662063363 0.010740531373657432 0.057676685621445976
0 0.03165630299604296 0.2558895207148659 0.011305822498586771 0.05686433793663688
0 0.03137365743357829 0.314378554021121 0.009609949123798756 0.06011372867587327
0 0.03080836630864895 0.37327376116978067 0.010740531373657432 0.05605199025182778
0 0.03137365743357829 0.429731925264013 0.01187111362351611 0.05523964256701868
0 0.03137365743357829 0.1413484971567831 0.009609949123798756 0.05848903330625507
0 0.03080836630864895 0.19943135662063363 0.010740531373657432 0.057676685621445976
0 0.03165630299604296 0.2558895207148659 0.011305822498586771 0.05686433793663688
0 0.03137365743357829 0.314378554021121 0.009609949123798756 0.06011372867587327
0 0.03080836630864895 0.37327376116978067 0.010740531373657432 0.05605199025182778
0 0.03137365743357829 0.429731925264013 0.01187111362351611 0.05523964256701868
