0 0.013996889580093312 0.2941176470588235 0.00933125972006221 0.07430340557275542
0 0.01347848626231208 0.3684210526315789 0.00933125972006221 0.07430340557275542
0 0.013737687921202696 0.44066047471620223 0.009849663037843442 0.07223942208462332
0 0.013996889580093312 0.5139318885448916 0.010368066355624676 0.07636738906088751
0 0.01347848626231208 0.587719298245614 0.00933125972006221 0.06914344685242517
0 0.01347848626231208 0.6594427244582043 0.00933125972006221 0.07430340557275542
0 0.013996889580093312 0.2941176470588235 0.00933125972006221 0.07430340557275542
0 0.01347848626231208 0.3684210526315789 0.00933125972006221 0.07430340557275542
0 0.013737687921202696 0.44066047471620223 0.009849663037843442 0.07223942208462332
0 0.013996889580093312 0.5139318885448916 0.010368066355624676 0.07636738906088751
0 0.01347848626231208 0.587719298245614 0.00933125972006221 0.06914344685242517
0 0.01347848626231208 0.6594427244582043 0.00933125972006221 0.07430340557275542
