0 0.023513513513513513 0.22291853178155774 0.012432432432432432 0.06266786034019696
0 0.023783783783783784 0.28692927484333036 0.011891891891891892 0.06177260519247986
0 0.022972972972972974 0.35183527305282003 0.011351351351351352 0.06624888093106536
0 0.023243243243243245 0.41674127126230975 0.010810810810810811 0.06177260519247986
0 0.022972972972972974 0.4785138764547896 0.009189189189189189 0.05998209489704566
0 0.022972972972972974 0.5420769919427036 0.012432432432432432 0.05998209489704566
0 0.023513513513513513 0.22291853178155774 0.012432432432432432 0.06266786034019696
0 0.023783783783783784 0.28692927484333036 0.011891891891891892 0.06177260519247986
0 0.022972972972972974 0.35183527305282003 0.011351351351351352 0.06624888093106536
0 0.023243243243243245 0.41674127126230975 0.010810810810810811 0.06177260519247986
0 0.022972972972972974 0.4785138764547896 0.009189189189189189 0.05998209489704566
0 0.022972972972972974 0.5420769919427036 0.012432432432432432 0.05998209489704566
