0 0.023462783171521034 0.3331918505942275 0.010248112189859762 0.05857385398981324
0 0.022653721682847894 0.39176570458404075 0.009708737864077669 0.05857385398981324
0 0.023462783171521034 0.4541595925297114 0.011326860841423947 0.06281833616298811
0 0.023462783171521034 0.514855687606112 0.011326860841423947 0.06027164685908319
0 0.02292340884573894 0.5759762308998302 0.010248112189859762 0.06196943972835314
0 0.024002157497303125 0.6345500848896435 0.011326860841423947 0.053480475382003394
0 0.023462783171521034 0.3331918505942275 0.010248112189859762 0.05857385398981324
0 0.022653721682847894 0.39176570458404075 0.009708737864077669 0.05857385398981324
0 0.023462783171521034 0.4541595925297114 0.011326860841423947 0.06281833616298811
0 0.023462783171521034 0.514855687606112 0.011326860841423947 0.06027164685908319
0 0.02292340884573894 0.5759762308998302 0.010248112189859762 0.06196943972835314
0 0.024002157497303125 0.6345500848896435 0.011326860841423947 0.053480475382003394
