0 0.026430517711171664 0.25449700199866754 0.009264305177111716 0.04530313124583611
0 0.026430517711171664 0.30146568954030645 0.011444141689373298 0.04730179880079947
0 0.02561307901907357 0.06728847435043304 0.010899182561307903 0.04796802131912059
0 0.026430517711171664 0.11425716189207195 0.011444141689373298 0.04463690872751499
0 0.026702997275204362 0.16122584943371085 0.010899182561307903 0.04930046635576282
0 0.026158038147138966 0.2078614257161892 0.010899182561307903 0.04397068620919387
0 0.026430517711171664 0.25449700199866754 0.009264305177111716 0.04530313124583611
0 0.026430517711171664 0.30146568954030645 0.011444141689373298 0.04730179880079947
0 0.02561307901907357 0.06728847435043304 0.010899182561307903 0.04796802131912059
0 0.026430517711171664 0.11425716189207195 0.011444141689373298 0.04463690872751499
0 0.026702997275204362 0.16122584943371085 0.010899182561307903 0.04930046635576282
0 0.026158038147138966 0.2078614257161892 0.010899182561307903 0.04397068620919387
