0 0.07595731324544884 0.10360706062931696 0.020087884494664157 0.05065234075211052
0 0.07595731324544884 0.15924788948580199 0.020087884494664157 0.052954719877206444
0 0.07595731324544884 0.21450498848810437 0.020087884494664157 0.052954719877206444
0 0.07564344005021972 0.2686108979278588 0.02071563088512241 0.056792018419033
0 0.07501569365976146 0.3227168073676132 0.019460138104205903 0.052954719877206444
0 0.07532956685499059 0.3772064466615503 0.020087884494664157 0.056024558710667687
0 0.07595731324544884 0.43207981580967 0.020087884494664157 0.05372217958557176
0 0.07595731324544884 0.10360706062931696 0.020087884494664157 0.05065234075211052
0 0.07595731324544884 0.15924788948580199 0.020087884494664157 0.052954719877206444
0 0.07595731324544884 0.21450498848810437 0.020087884494664157 0.052954719877206444
0 0.07564344005021972 0.2686108979278588 0.02071563088512241 0.056792018419033
0 0.07501569365976146 0.3227168073676132 0.019460138104205903 0.052954719877206444
0 0.07532956685499059 0.3772064466615503 0.020087884494664157 0.056024558710667687
0 0.07595731324544884 0.43207981580967 0.020087884494664157 0.05372217958557176
