0 0.04388212684176809 0.08830364058869095 0.01985906470211403 0.054221533694810226
0 0.044202434336963484 0.14213787761425253 0.019218449711723252 0.053446940356312936
0 0.044202434336963484 0.41673121611154146 0.024343369634849454 0.051123160340821074
0 0.044202434336963484 0.36212238574748257 0.021780909673286355 0.054996127033307515
0 0.04356181934657271 0.3059643687064291 0.017937219730941704 0.055770720371804805
0 0.04484304932735426 0.24980635166537568 0.019218449711723252 0.054996127033307515
0 0.04388212684176809 0.08830364058869095 0.01985906470211403 0.054221533694810226
0 0.044202434336963484 0.14213787761425253 0.019218449711723252 0.053446940356312936
0 0.044202434336963484 0.41673121611154146 0.024343369634849454 0.051123160340821074
0 0.044202434336963484 0.36212238574748257 0.021780909673286355 0.054996127033307515
0 0.04356181934657271 0.3059643687064291 0.017937219730941704 0.055770720371804805
0 0.04484304932735426 0.24980635166537568 0.019218449711723252 0.054996127033307515
