0 0.8920265780730897 0.18858954041204437 0.014712861888941624 0.05388272583201268
0 0.8908400569530138 0.24445324881141048 0.01613668723303275 0.05784469096671949
0 0.8920265780730897 0.30071315372424723 0.014712861888941624 0.05309033280507132
0 0.8920265780730897 0.35855784469096674 0.015662078785002375 0.05942947702060222
0 0.8917892738490746 0.4152139461172742 0.0170859041290935 0.05229793977812995
0 0.8920265780730897 0.18858954041204437 0.014712861888941624 0.05388272583201268
0 0.8908400569530138 0.24445324881141048 0.01613668723303275 0.05784469096671949
0 0.8920265780730897 0.30071315372424723 0.014712861888941624 0.05309033280507132
0 0.8920265780730897 0.35855784469096674 0.015662078785002375 0.05942947702060222
0 0.8917892738490746 0.4152139461172742 0.0170859041290935 0.05229793977812995
