0 0.8687363834422659 0.14638643067846607 0.01525054466230937 0.050884955752212385
0 0.86900871459695 0.19874631268436577 0.01579520697167756 0.050884955752212385
0 0.86900871459695 0.25073746312684364 0.01797385620915033 0.05309734513274336
0 0.8684640522875818 0.30383480825958703 0.016884531590413945 0.051622418879056046
0 0.86900871459695 0.3554572271386431 0.01797385620915033 0.048672566371681415
0 0.8687363834422659 0.14638643067846607 0.01525054466230937 0.050884955752212385
0 0.86900871459695 0.19874631268436577 0.01579520697167756 0.050884955752212385
0 0.86900871459695 0.25073746312684364 0.01797385620915033 0.05309734513274336
0 0.8684640522875818 0.30383480825958703 0.016884531590413945 0.051622418879056046
0 0.86900871459695 0.3554572271386431 0.01797385620915033 0.048672566371681415
