0 0.08560794044665013 0.09125085440874915 0.018610421836228287 0.04716336295283664
0 0.0859181141439206 0.13978127136021873 0.020471464019851116 0.048530416951469584
0 0.08498759305210918 0.18831168831168832 0.019851116625310174 0.04716336295283664
0 0.08560794044665013 0.23615857826384143 0.019851116625310174 0.048530416951469584
0 0.08622828784119106 0.28503075871496925 0.019851116625310174 0.04921394395078606
0 0.08529776674937965 0.3349282296650718 0.019230769230769232 0.050580997949419004
0 0.08653846153846154 0.38414217361585784 0.019230769230769232 0.04647983595352017
0 0.08560794044665013 0.09125085440874915 0.018610421836228287 0.04716336295283664
0 0.0859181141439206 0.13978127136021873 0.020471464019851116 0.048530416951469584
0 0.08498759305210918 0.18831168831168832 0.019851116625310174 0.04716336295283664
0 0.08560794044665013 0.23615857826384143 0.019851116625310174 0.048530416951469584
0 0.08622828784119106 0.28503075871496925 0.019851116625310174 0.04921394395078606
0 0.08529776674937965 0.3349282296650718 0.019230769230769232 0.050580997949419004
0 0.08653846153846154 0.38414217361585784 0.019230769230769232 0.04647983595352017
