0 0.05920766216804527 0.12202380952380952 0.013931214627775359 0.04828042328042328
0 0.0587723117109273 0.17063492063492064 0.013931214627775359 0.04894179894179894
0 0.059425337396604265 0.21626984126984125 0.014366565084893338 0.04497354497354497
0 0.05986068785372224 0.2622354497354497 0.014366565084893338 0.046957671957671955
0 0.0587723117109273 0.3091931216931217 0.012189812799303439 0.046957671957671955
0 0.05898998693948628 0.35648148148148145 0.014366565084893338 0.046296296296296294
0 0.05898998693948628 0.4037698412698412 0.012625163256421419 0.046957671957671955
0 0.05920766216804527 0.12202380952380952 0.013931214627775359 0.04828042328042328
0 0.0587723117109273 0.17063492063492064 0.013931214627775359 0.04894179894179894
0 0.059425337396604265 0.21626984126984125 0.014366565084893338 0.04497354497354497
0 0.05986068785372224 0.2622354497354497 0.014366565084893338 0.046957671957671955
0 0.0587723117109273 0.3091931216931217 0.012189812799303439 0.046957671957671955
0 0.05898998693948628 0.35648148148148145 0.014366565084893338 0.046296296296296294
0 0.05898998693948628 0.4037698412698412 0.012625163256421419 0.046957671957671955
