0 0.03416149068322981 0.17519545131485428 0.012422360248447204 0.05046197583511016
0 0.0343555900621118 0.22707889125799574 0.01436335403726708 0.051883439943141436
0 0.034549689440993785 0.27860696517412936 0.012422360248447204 0.052594171997157074
0 0.034549689440993785 0.3290689410092395 0.012422360248447204 0.04975124378109452
0 0.034743788819875776 0.37917555081734183 0.012034161490683228 0.047619047619047616
0 0.03416149068322981 0.17519545131485428 0.012422360248447204 0.05046197583511016
0 0.0343555900621118 0.22707889125799574 0.01436335403726708 0.051883439943141436
0 0.034549689440993785 0.27860696517412936 0.012422360248447204 0.052594171997157074
0 0.034549689440993785 0.3290689410092395 0.012422360248447204 0.04975124378109452
0 0.034743788819875776 0.37917555081734183 0.012034161490683228 0.047619047619047616
