0 0.0739946380697051 0.5146215596330276 0.01823056300268097 0.03956422018348624
0 0.07345844504021448 0.5556192660550459 0.017158176943699734 0.0389908256880734
0 0.07372654155495979 0.5943233944954128 0.016621983914209118 0.04071100917431193
0 0.07372654155495979 0.6364678899082569 0.016621983914209118 0.040137614678899085
0 0.07372654155495979 0.6768922018348624 0.016621983914209118 0.03956422018348624
0 0.0739946380697051 0.5146215596330276 0.01823056300268097 0.03956422018348624
0 0.07345844504021448 0.5556192660550459 0.017158176943699734 0.0389908256880734
0 0.07372654155495979 0.5943233944954128 0.016621983914209118 0.04071100917431193
0 0.07372654155495979 0.6364678899082569 0.016621983914209118 0.040137614678899085
0 0.07372654155495979 0.6768922018348624 0.016621983914209118 0.03956422018348624
