0 0.074403250380904 0.37730496453900714 0.008633824276282375 0.04964539007092199
0 0.07465718638902996 0.42801418439716316 0.01015744032503809 0.051773049645390076
0 0.07541899441340781 0.4787234042553192 0.010665312341289994 0.04964539007092199
0 0.07465718638902996 0.5283687943262412 0.012188928390045707 0.04964539007092199
0 0.074403250380904 0.5794326241134752 0.010665312341289994 0.05106382978723405
0 0.07592686642965972 0.6322695035460993 0.010665312341289994 0.04893617021276596
0 0.07491112239715592 0.6804964539007092 0.01371254443880142 0.04609929078014185
0 0.074403250380904 0.37730496453900714 0.008633824276282375 0.04964539007092199
0 0.07465718638902996 0.42801418439716316 0.01015744032503809 0.051773049645390076
0 0.07541899441340781 0.4787234042553192 0.010665312341289994 0.04964539007092199
0 0.07465718638902996 0.5283687943262412 0.012188928390045707 0.04964539007092199
0 0.074403250380904 0.5794326241134752 0.010665312341289994 0.05106382978723405
0 0.07592686642965972 0.6322695035460993 0.010665312341289994 0.04893617021276596
0 0.07491112239715592 0.6804964539007092 0.01371254443880142 0.04609929078014185
