0 0.049275362318840575 0.6191419141914192 0.010434782608695651 0.047524752475247525
0 0.049275362318840575 0.6653465346534654 0.010434782608695651 0.044884488448844885
0 0.049855072463768114 0.7099009900990099 0.010434782608695651 0.04686468646864687
0 0.049855072463768114 0.7587458745874588 0.011594202898550725 0.050825082508250824
0 0.049275362318840575 0.8062706270627062 0.010434782608695651 0.0429042904290429
0 0.049275362318840575 0.6191419141914192 0.010434782608695651 0.047524752475247525
0 0.049275362318840575 0.6653465346534654 0.010434782608695651 0.044884488448844885
0 0.049855072463768114 0.7099009900990099 0.010434782608695651 0.04686468646864687
0 0.049855072463768114 0.7587458745874588 0.011594202898550725 0.050825082508250824
0 0.049275362318840575 0.8062706270627062 0.010434782608695651 0.0429042904290429
