0 0.018882565959648216 0.39183055975794256 0.015002586652871184 0.03429147755925366
0 0.01939989653388515 0.4276348966212809 0.016037247801345057 0.0373171961674231
0 0.01965856182100362 0.6076651538073626 0.01758923952405587 0.03328290468986385
0 0.019141231246766685 0.5716086737266768 0.016554578375581996 0.03580433686333838
0 0.018623900672529746 0.5342914775592537 0.01758923952405587 0.03479576399394856
0 0.018882565959648216 0.39183055975794256 0.015002586652871184 0.03429147755925366
0 0.01939989653388515 0.4276348966212809 0.016037247801345057 0.0373171961674231
0 0.01965856182100362 0.6076651538073626 0.01758923952405587 0.03328290468986385
0 0.019141231246766685 0.5716086737266768 0.016554578375581996 0.03580433686333838
0 0.018623900672529746 0.5342914775592537 0.01758923952405587 0.03479576399394856
