0 0.12280701754385964 0.12242798353909466 0.043859649122807015 0.14197530864197533
0 0.12134502923976608 0.2705761316872428 0.043859649122807015 0.15020576131687244
0 0.12280701754385964 0.4156378600823046 0.043859649122807015 0.1522633744855967
0 0.12061403508771928 0.5679012345679013 0.04239766081871345 0.13991769547325103
0 0.12061403508771928 0.7088477366255145 0.04824561403508772 0.13786008230452676
0 0.12280701754385964 0.8559670781893005 0.04678362573099415 0.13991769547325103
0 0.12280701754385964 0.12242798353909466 0.043859649122807015 0.14197530864197533
0 0.12134502923976608 0.2705761316872428 0.043859649122807015 0.15020576131687244
0 0.12280701754385964 0.4156378600823046 0.043859649122807015 0.1522633744855967
0 0.12061403508771928 0.5679012345679013 0.04239766081871345 0.13991769547325103
0 0.12061403508771928 0.7088477366255145 0.04824561403508772 0.13786008230452676
0 0.12280701754385964 0.8559670781893005 0.04678362573099415 0.13991769547325103
