0 0.05902461257976299 0.061224489795918366 0.013217866909753875 0.047193877551020405
0 0.0581130355515041 0.10937499999999999 0.014129443938012761 0.04783163265306122
0 0.05879671832269827 0.15369897959183673 0.013673655423883317 0.042091836734693876
0 0.05902461257976299 0.19642857142857142 0.014129443938012761 0.04336734693877551
0 0.0581130355515041 0.2426658163265306 0.014129443938012761 0.04272959183673469
0 0.05788514129443938 0.28826530612244894 0.013673655423883317 0.04591836734693877
0 0.05902461257976299 0.061224489795918366 0.013217866909753875 0.047193877551020405
0 0.0581130355515041 0.10937499999999999 0.014129443938012761 0.04783163265306122
0 0.05879671832269827 0.15369897959183673 0.013673655423883317 0.042091836734693876
0 0.05902461257976299 0.19642857142857142 0.014129443938012761 0.04336734693877551
0 0.0581130355515041 0.2426658163265306 0.014129443938012761 0.04272959183673469
0 0.05788514129443938 0.28826530612244894 0.013673655423883317 0.04591836734693877
