0 0.029689608636977057 0.636734693877551 0.018893387314439944 0.04625850340136054
0 0.028677462887989204 0.6860544217687075 0.019568151147098516 0.049659863945578225
0 0.02834008097165992 0.860204081632653 0.020242914979757085 0.045578231292517
0 0.029689608636977057 0.8115646258503401 0.020242914979757085 0.050340136054421766
0 0.02800269905533063 0.7612244897959183 0.020917678812415654 0.04897959183673469
0 0.029689608636977057 0.636734693877551 0.018893387314439944 0.04625850340136054
0 0.028677462887989204 0.6860544217687075 0.019568151147098516 0.049659863945578225
0 0.02834008097165992 0.860204081632653 0.020242914979757085 0.045578231292517
0 0.029689608636977057 0.8115646258503401 0.020242914979757085 0.050340136054421766
0 0.02800269905533063 0.7612244897959183 0.020917678812415654 0.04897959183673469
