0 0.05755176613885505 0.1866566716641679 0.018879415347137635 0.04947526236881559
0 0.056942752740560286 0.24100449775112442 0.020097442143727162 0.05472263868065967
0 0.056942752740560286 0.36806596701649175 0.021315468940316686 0.05397301349325337
0 0.056942752740560286 0.4224137931034483 0.01766138855054811 0.05172413793103448
0 0.05724725943970767 0.4760119940029985 0.018270401948842874 0.05397301349325337
0 0.05724725943970767 0.5314842578710645 0.0194884287454324 0.05547226386806597
0 0.05755176613885505 0.1866566716641679 0.018879415347137635 0.04947526236881559
0 0.056942752740560286 0.24100449775112442 0.020097442143727162 0.05472263868065967
0 0.056942752740560286 0.36806596701649175 0.021315468940316686 0.05397301349325337
0 0.056942752740560286 0.4224137931034483 0.01766138855054811 0.05172413793103448
0 0.05724725943970767 0.4760119940029985 0.018270401948842874 0.05397301349325337
0 0.05724725943970767 0.5314842578710645 0.0194884287454324 0.05547226386806597
