0 0.0884502923976608 0.5016181229773462 0.02046783625730994 0.07335490830636461
0 0.08881578947368421 0.5809061488673138 0.02266081871345029 0.08306364617044228
0 0.08771929824561403 0.6580366774541532 0.02046783625730994 0.07335490830636461
0 0.08808479532163742 0.7346278317152103 0.02412280701754386 0.07551240560949299
0 0.08808479532163742 0.8128371089536137 0.021198830409356724 0.07227615965480043
0 0.08735380116959064 0.8883495145631067 0.021198830409356724 0.07443365695792879
0 0.0884502923976608 0.5016181229773462 0.02046783625730994 0.07335490830636461
0 0.08881578947368421 0.5809061488673138 0.02266081871345029 0.08306364617044228
0 0.08771929824561403 0.6580366774541532 0.02046783625730994 0.07335490830636461
0 0.08808479532163742 0.7346278317152103 0.02412280701754386 0.07551240560949299
0 0.08808479532163742 0.8128371089536137 0.021198830409356724 0.07227615965480043
0 0.08735380116959064 0.8883495145631067 0.021198830409356724 0.07443365695792879
