0 0.08058345289335246 0.05867665418227216 0.015781922525107604 0.04244694132334582
0 0.08034433285509326 0.1033083645443196 0.015303682448589193 0.04681647940074907
0 0.08034433285509326 0.1491885143570537 0.014347202295552367 0.046192259675405745
0 0.08010521281683405 0.19257178526841448 0.015781922525107604 0.03932584269662921
0 0.08130081300813008 0.2356429463171036 0.015303682448589193 0.048064918851435705
0 0.08082257293161167 0.2818352059925094 0.014347202295552367 0.04307116104868914
0 0.08058345289335246 0.05867665418227216 0.015781922525107604 0.04244694132334582
0 0.08034433285509326 0.1033083645443196 0.015303682448589193 0.04681647940074907
0 0.08034433285509326 0.1491885143570537 0.014347202295552367 0.046192259675405745
0 0.08010521281683405 0.19257178526841448 0.015781922525107604 0.03932584269662921
0 0.08130081300813008 0.2356429463171036 0.015303682448589193 0.048064918851435705
0 0.08082257293161167 0.2818352059925094 0.014347202295552367 0.04307116104868914
